2546837031616846
2784997614182231
5928217326109535
5144730275745518
8084574092107902
8579051478703901
3635211834888653
1133345547075628
6540297305369221
9870299456044346
3589046023090706
8836503980091783
2374104120570002
7399179037419892
6841706700993093
1183830514857314
1030954758084059
3534665149331526
0507873945204608
5746822816259454
2927123767477631
5359073935110357
5024602152304064
9459659052056685
4774322467339841
4751699166195344
1551861215235443
6136711142950288
6034251420222926
2322839439313343
4114985703728690
1571197233473999
1550246266734380
4479852346744810
4804031257494386
0432723024700217
2445571161029337
2142649714526520
0021182655725644
1193596029324891
0873865581940415
4017383796954657
2090415373875792
2121771517506052
6635682810931259
7205705989244804
6262051397848744
4057642340449321
6420338928006265
5243162128451251
6406483179403308
9511010025717986
0517945185599480
1433344820101204
4983411711055340
6061611871078543
2681036356650944
5233423558619943
8409590787053823
3794770370138964
8894453521774443
1130453295423578
4541282766890204
8873629835137565
9748618544067463
8431323844701530
3186709749685737
6656694486400567
4653625511742498
9612704468357790
5006395598371731
9951388053417371
7367298043215777
2969689646961586
4091972080928881
9522540539546667
2629504708221802
7342799321640171
1062497580478584
0848753739177094
0597956911969596
4064137965754535
1276732419697851
3311439131550698
6069717038105786
1845293985076098
3539132900107836
0644241968356756
3813132427006420
2691173945274529
9422036169528018
1551316349134426
8414081723701820
4292868742453389
2536359895452123
1604777382103762
5826465339351202
8709809037223235
9671291450823171
8902002461422112
2050112432750015
7177804577031456
9483620412144158
1184349463710551
7855543199262503
2055476391340850
4102741503163094
1317445534192120
3564817522282968
2360490221267987
5270370629610068
2616818240703655
8319669721889748
9831529608100233
